evals,generation,noise_level,noise_ema,temp_scale,n_sched,n_eff,reeval_count,gate_closed,mueff,mueff_target,noise_s0,noise_s1,noise_z_pool_size,noise_z_abs_median,noise_z_clip_frac,noise_shape_ks,noise_shape_w1,noise_drift_ks,noise_drift_w1,noise_scale_fit_r2,noise_scale_pred_cv,noise_center_split_rel,noise_center_split_cv
17,0,0.1428571428571429,0.02857142857142858,1.0,1.2119,1.2119,2,-1,6.452432841525362,nan,0.0,0.0,0,nan,nan,nan,nan,nan,nan,nan,nan,nan,nan
34,1,0.0,0.022857142857142868,1.0,1.2238,1.2238,2,-1,6.6879863000709046,nan,0.0,0.0,0,nan,nan,nan,nan,nan,nan,nan,nan,nan,nan
51,2,0.2857142857142857,0.07542857142857143,1.0,1.2357,1.2357,2,-1,6.326211610210914,nan,0.0,0.0,0,nan,nan,nan,nan,nan,nan,nan,nan,nan,nan
69,3,0.2857142857142857,0.11748571428571428,1.0,1.2483,1.2483,3,-1,6.325385072428999,nan,0.0,0.10186647271380782,6,3.5788837981164376,0.0,0.25,0.969420904723583,nan,nan,0.9029021356306975,0.31919882101213787,7.157767596232875,0.16612504743615872
88,4,0.1428571428571429,0.12256,1.0,1.2616,1.2616,4,-1,6.056017430696482,nan,0.0,0.3057901788414834,14,1.8309774944969668,0.0,0.25,0.05921665288089559,0.5,1.9011230124356697,0.49576279737868,0.1336618063946372,2.655710084620388,0.34982659702792906
107,5,0.2857142857142857,0.15519085714285716,1.0,1.2749,1.2749,4,-1,6.223339257088082,nan,6490.807720030565,0.31774225866815153,22,1.6183025157878532,0.0,0.25,0.1440782818944667,0.25,0.2657077477317904,0.9244386461972045,0.3843556073105386,2.551098063918082,0.13242270334498216
126,6,0.1428571428571429,0.1527241142857143,1.0,1.2882,1.2882,4,-1,6.487790923717527,nan,6111.995154241011,0.31975502019365104,30,1.3143944775646692,0.0,0.25,0.17514241412426057,0.375,0.30030618075900717,0.4353689178152975,0.21543202372186393,1.9982944351309282,0.30085518186816046
145,7,0.2857142857142857,0.17932214857142859,1.0,1.3014999999999999,1.3014999999999999,4,-1,6.535118741430211,nan,4583.996365680758,0.46086653557518387,38,1.2367035863534126,0.0,0.25,0.5272779106398868,0.25,0.15350702869247068,0.9331724160663415,0.5421960852766151,1.7563122900525256,0.5493983061361011
164,8,0.2857142857142857,0.200600576,1.0,1.3148,1.3148,4,-1,6.193463290606663,nan,3437.9972742605682,0.5866866140774099,46,1.2282857320554565,0.0,0.5,0.361201202296821,0.25,0.25499790407721845,0.9725457362879975,0.3519327177680467,2.257303824620644,0.2172737918251561
183,9,0.2857142857142857,0.21762331794285714,1.0,1.3281,1.3281,4,-1,6.1906254822034406,nan,2578.4979556954263,0.6090267497615598,54,1.068927613108891,0.0,0.25,0.027369025465794707,0.25,0.5002598304369074,0.4609157612767335,0.3505672439240967,1.1481563422228598,0.7108165753676268
202,10,0.1428571428571429,0.2026700829257143,1.0,1.3414,1.3414,4,-1,6.142739327233997,nan,1933.8734667715698,0.7057287565491308,62,1.040123097296518,0.0,0.5,0.40487658259217596,0.25,0.1621885965660405,0.9896385434472803,0.8911964817367021,0.9796317382101036,0.622927232644168
221,11,0.0,0.16213606634057146,1.0,1.3547,1.3547,4,-1,6.430495994317229,nan,6722.963460289431,0.5818193830413885,70,1.0290180925651877,0.0,0.25,0.226673260756987,0.25,0.0626115293136293,0.43917865649763976,0.5766658758959919,0.8041233361181828,0.6409337255416787
240,12,0.1428571428571429,0.15828028164388575,1.0,1.3679999999999999,1.3679999999999999,4,-1,6.433377231664204,nan,5042.222595217074,0.6594113807347121,78,1.0290180925651877,0.0,0.5,0.809617897223794,0.25,0.23665841733537912,0.9960202689113161,0.7826111017097698,1.3026632322391074,0.7347230448929928
259,13,0.2857142857142857,0.18376708245796575,1.0,1.3813,1.3813,4,-1,6.327410211295347,nan,3781.6669464128054,0.7428651396424021,86,0.9612239422709956,0.0,0.5,0.6712717831762443,0.125,0.08524606910896965,0.9989194283423802,0.7422800876480563,1.1944752272923036,0.6853646800344819
278,14,0.2857142857142857,0.20415652310922974,1.0,1.3946,1.3946,4,-1,6.3959779886628905,nan,2836.250209809604,0.8025245194973532,94,0.9293668220220371,0.0,0.5,0.4441098999547281,0.125,0.12736577960365647,0.9993492790477797,0.8447108751148349,0.8031455315825523,0.7113734511414047
297,15,0.1428571428571429,0.19189664705881238,1.0,1.4079,1.4079,4,-1,6.592339344974654,nan,2127.1876573572026,0.8036335521394153,102,0.8998797774318132,0.0,0.5,0.46094522456477455,0.25,0.14716381994022257,0.9819432443562014,0.7416022273721804,1.350047676579806,0.5580426529011241
316,16,0.0,0.1535173176470499,1.0,1.4212,1.4212,4,-1,6.415473510354561,nan,1595.390743017902,0.7937451881073276,110,0.8871371133592985,0.0,0.25,0.12519178143285636,0.125,0.08101580708010042,0.9701377533826074,0.8865052143338339,1.1423530139875884,0.6697921794813949
335,17,0.2857142857142857,0.17995671126049706,1.0,1.4344999999999999,1.4344999999999999,4,-1,6.018910812331704,nan,1196.5430572634264,0.8394761891088752,118,0.8542733140903778,0.0,0.5,0.29115692895811807,0.25,0.15816318225132,0.9934111294403961,0.8325844801943953,1.1358620707240172,0.41739687239653744
354,18,0.1428571428571429,0.17253679757982623,1.0,1.4478,1.4478,4,-1,6.5543378843510895,nan,9605.429667027975,0.7128057188901255,126,0.8318801478481237,0.0,0.25,0.13636048647879495,0.125,0.0553764174220184,0.7332233061632101,0.5183327163868067,1.3104329406113513,0.33446565510139586
373,19,0.1428571428571429,0.16660086663528959,1.0,1.4611,1.4611,4,-1,6.837665936099757,nan,60100.28120442391,0.5346042891675941,134,0.8309514610224547,0.0,0.5,0.32402863215502276,0.375,0.298180580198074,0.31684966778563595,0.11393067821360053,0.4402138783193259,0.8628790285582919
392,20,0.1428571428571429,0.16185212187966025,1.0,1.4744,1.4744,4,-1,6.23138031881841,nan,45075.21090331793,0.5944217606215242,142,0.8148751410050017,0.0,0.25,0.111898619920424,0.25,0.09535489188764447,0.721485212005383,0.3259900733000544,0.5951019942868316,0.9330217626499739
411,21,0.2857142857142857,0.18662455464658534,1.0,1.4876999999999998,1.4876999999999998,4,-1,6.28194251941547,nan,33806.40817748845,0.6758252618501818,150,0.7733759577660149,0.0,0.5,0.5089160009630549,0.25,0.1591767914495228,0.983125104703657,0.39158074292361206,1.0629781106127352,0.6331078867338851
430,22,0.1428571428571429,0.17787107228869686,1.0,1.501,1.501,4,-1,6.115704746276111,nan,25354.806133116334,0.6545212924468065,158,0.7664910570777463,0.0,0.5,0.1424150261844633,0.25,0.1715319247854794,0.28259589566849186,0.11704795013207482,0.8705048613051287,0.3213666580925851
449,23,0.1428571428571429,0.17086828640238608,1.0,1.5143,1.5143,4,-1,6.042108789293504,nan,19016.10459983725,0.7119981466211003,166,0.7554791195283371,0.0,0.25,0.24924739145739433,0.25,0.1246689729946234,0.9292507450079377,0.5426296982623162,0.822989491897077,0.6544848587960455
468,24,0.1428571428571429,0.16526605769333744,1.0,1.5276,1.5276,4,-1,6.382831642040406,nan,14262.078449877938,0.7552400571475141,174,0.7142782759701841,0.0,0.25,0.10652917858079829,0.125,0.07699995489992434,0.9139701279377691,0.714369702610817,0.7828492621469557,0.791865386938663
487,25,0.1428571428571429,0.16078427472609855,1.0,1.5409,1.5409,4,-1,6.136610892256629,nan,10696.558837408453,0.8085873201346251,182,0.5995063959052748,0.0,0.5,0.2903947178186446,0.25,0.15238292437014878,0.7599684286939749,0.17064207763999673,0.4793368685836481,0.7014116115964376
506,26,0.0,0.12862741978087885,1.0,1.5541999999999998,1.5541999999999998,4,-1,6.129420931695622,nan,46402.39090336789,0.6064404901009688,190,0.5835566195020596,0.0,0.25,0.1451473192827722,0.25,0.04472468513850352,0.16774052784817606,0.11502660623728118,0.43608365356824574,0.707734918777269
525,27,0.2857142857142857,0.16004479296756022,1.0,1.5675,1.5675,4,-1,5.977924515711428,nan,34801.79317752591,0.6510998762024024,198,0.5797311627100612,0.0,0.5,0.3522264452886841,0.125,0.07047657886854693,0.9467471951880909,0.25256610865090906,0.6839039484142233,0.6378272559134454
544,28,0.1428571428571429,0.15660726294547675,1.0,1.5808,1.5808,4,-1,6.415566069487498,nan,26101.344883144433,0.606843829765056,206,0.5561309080139558,0.0,0.5,0.24841759020691265,0.125,0.072732930102102,0.6962669251380456,0.33212715569232126,0.4607694219735907,0.7290662888808422
563,29,0.2857142857142857,0.18242866749923853,1.0,1.5940999999999999,1.5940999999999999,4,-1,6.386769674568762,nan,19576.008662358327,0.620567371086554,214,0.5797311627100612,0.0,0.5,0.26237496251778925,0.375,0.46927498361837555,0.9803227578614027,0.4228081500401128,1.579854563391156,0.20923447847878754
582,30,0.0,0.14594293399939082,1.0,1.6074,1.6074,4,-1,6.579046872102111,nan,29855.75369923382,0.4654255283149155,222,0.5561309080139558,0.0,0.5,0.3209633449426411,0.375,0.39640531968754805,0.07159094121775778,0.1686211115196974,0.5704249444392695,0.7323767839843585
601,31,0.4285714285714286,0.2024686329137984,1.0,1.6206999999999998,1.6206999999999998,4,-1,5.83941422526419,nan,22391.815274425368,0.6403520157117195,230,0.5561309080139558,0.0,0.5,0.5253944613140802,0.25,0.2873157271215598,0.9939528641695372,0.411003335671086,1.2145229086629206,0.5299003001243965
620,32,0.0,0.16197490633103873,1.0,1.634,1.634,4,-1,6.09686419200478,nan,16793.861455819024,0.7187232910008616,238,0.5561309080139558,0.0,0.25,0.21232354046734064,0.25,0.1117009139605959,0.9988614863104086,1.3767102882546591,0.8849115479034021,0.7006218205853454
639,33,0.1428571428571429,0.15815135363625957,1.0,1.6473,1.6473,4,-1,6.189082901484542,nan,14050.962509639228,0.5582915628166029,246,0.543432679652339,0.0,0.25,0.03460835009763187,0.25,0.30748136272656085,0.052413391938159304,0.2003337082258643,0.39495279821530566,0.570002108781471
658,34,0.0,0.12652108290900765,1.0,1.6606,1.6606,4,-1,6.641961189158174,nan,13737.415201480908,0.47077542497345914,254,0.543432679652339,0.0,0.5,0.29041543184331003,0.375,0.31492940845586437,0.4803263374664418,0.378313005595428,1.150542814370739,0.3689233305106907
677,35,0.1428571428571429,0.1297882948986347,1.0,1.6739,1.6739,4,-1,6.356390736609242,nan,12645.112767274075,0.41498505043027983,262,0.5459761553072626,0.0,0.5,0.418277044424629,0.25,0.13076216068615662,0.16946210741553103,0.2275226099002564,1.4958800482971284,0.49495153817443566
696,36,0.1428571428571429,0.13240206449033634,1.0,1.6871999999999998,1.6871999999999998,4,-1,6.673206144799264,nan,9483.834575455556,0.40568835235396705,270,0.5459761553072626,0.0,0.5,0.45753623015645767,0.25,0.13138056530965192,0.40141105571785407,0.27285675066191983,1.0501082944750708,0.6409801080119752
715,37,0.2857142857142857,0.1630645087351262,1.0,1.7005,1.7005,4,-1,5.909979757730564,nan,7112.875931591667,0.40889348818215254,278,0.5459761553072626,0.0,0.25,0.1589409937248023,0.125,0.12169215644263494,0.25711303755699055,0.11767970284732417,1.2426874212515682,0.3240502029452082
734,38,0.1428571428571429,0.15902303555952954,1.0,1.7138,1.7138,4,-1,6.101883627779684,nan,5334.65694869375,0.5301540903156557,286,0.5797311627100612,0.0,0.5,0.288516350291775,0.5,0.5087264851339313,0.9946936792163527,1.0108836877499592,2.2568589222052893,0.20371865366146663
753,39,0.2857142857142857,0.18436128559048076,1.0,1.7271,1.7271,4,-1,6.018225602287268,nan,4000.9927115203122,0.5657299683390808,294,0.5901732425056241,0.0,0.5,0.2455662338234837,0.375,0.32206805271020583,0.9949267019365761,0.5357737621799007,1.664325895795546,0.18883043731744287
772,40,0.1428571428571429,0.1760604570438132,1.0,1.7404,1.7404,4,-1,6.168464327691753,nan,3000.7445336402343,0.5828005466038949,302,0.5835566195020596,0.0,0.25,0.2273951897468449,0.375,0.31631649974997955,0.7911333243896517,0.5497549615144811,0.8649701395878362,0.5437824933995565
791,41,0.2857142857142857,0.1979912227779077,1.0,1.7536999999999998,1.7536999999999998,4,-1,5.613932648382761,nan,2250.5584002301757,0.699231997064746,310,0.5835566195020596,0.0,0.5,0.27203981279042677,0.25,0.11318302589673093,0.9793836280629338,0.20644809445479959,1.1687508157316524,0.29728738711329983
810,42,0.4285714285714286,0.24410726393661192,1.0,1.767,1.767,4,-1,5.781920906474088,nan,1687.9188001726318,0.8022530959342749,318,0.5797311627100612,0.0,0.25,0.12792372375900113,0.125,0.04172328079161379,0.9236885294508443,0.20244355281955678,1.06953268724776,0.2706896953216502
829,43,0.1428571428571429,0.22385723972071814,1.0,1.7803,1.7803,4,-1,6.293823789532685,nan,1265.939100129474,0.8127956100447755,326,0.5797311627100612,0.0,0.25,0.061039894716214856,0.25,0.22768299178886686,0.8759868616909217,0.5927251169111912,0.6281040867533307,1.003526044267596
848,44,0.1428571428571429,0.2076572203480031,1.0,1.7935999999999999,1.7935999999999999,4,-1,6.088032598912464,nan,4604.618287476393,0.7136336688127347,334,0.5835566195020596,0.0,0.25,0.0547295933592381,0.25,0.35618820604161217,0.7592663791655323,0.23715074430853678,1.421229528622375,0.13908704896373814
867,45,0.1428571428571429,0.19469720484983108,1.0,1.8069,1.8069,4,-1,5.991860032428367,nan,16286.823382910323,0.535225251609551,342,0.5797311627100612,0.0,0.5,0.29775531179018405,0.375,0.24978699156405976,0.020399243173424897,0.21535820040072376,0.9052723765633557,0.43210107459909436
886,46,0.1428571428571429,0.18432919245129345,1.0,1.8201999999999998,1.8201999999999998,4,-1,6.56215054769316,nan,73769.06292162783,0.4014189387071633,350,0.5835566195020596,0.0,0.25,0.38112843839016075,0.375,0.2307801136767977,0.4292965292458747,0.09771325884043865,1.6014820467641981,0.5567640593533656
905,47,0.1428571428571429,0.17603478253246335,1.0,1.8335,1.8335,4,-1,6.205266977639194,nan,63074.27434800042,0.3010642040303725,358,0.5722020387538302,0.0,0.25,0.08114642891067642,0.375,0.37556224485993994,0.006328683464814855,0.1031428252250803,0.5381210456619763,0.6412898509586281
924,48,0.2857142857142857,0.19797068316882782,1.0,1.8468,1.8468,4,-1,5.904413540024107,nan,47305.70576100032,0.29058814077756895,366,0.5561309080139558,0.0,0.5,0.12603048270918138,0.25,0.06954552233842018,0.13070019352256546,0.044832811854757786,0.3494602822220289,0.5296211321371167
943,49,0.1428571428571429,0.18694797510649086,1.0,1.8600999999999999,1.8600999999999999,4,-1,6.538575474592168,nan,35479.27932075024,0.4426902156815537,374,0.5528389073334423,0.0,0.5,0.4263054268141473,0.375,0.2193115632410815,0.9026304616432365,0.42397788890871513,0.5369550893811051,0.9200651179681073
962,50,0.4285714285714286,0.23527266579947842,1.0,1.8733999999999997,1.8733999999999997,4,-1,6.136083077099737,nan,26609.45949056268,0.590931259865836,382,0.5561309080139558,0.0,0.5,0.7329621658383464,0.25,0.5394054616436283,0.9990189059317457,0.4781747649893254,2.4307737854428835,0.5441481666728658
981,51,0.1428571428571429,0.21678956121101134,1.0,1.8866999999999998,1.8866999999999998,4,-1,6.18775871072759,nan,19957.094617922012,0.6628402830147619,390,0.5561309080139558,0.0,0.25,0.21884400666064358,0.25,0.42307266267769916,0.97335898897254,0.9468002743937081,1.123775815966496,0.7215663884986571
1000,52,0.2857142857142857,0.23057450611166622,1.0,1.9,1.9,4,-1,5.933218389316599,nan,14967.820963441509,0.7115495700801577,398,0.5649716088968149,0.0,0.5,0.30040750209217026,0.25,0.18919948424949612,0.9712611015719722,0.5926635931065969,1.4872986036864826,0.32162258623404266
1019,53,0.2857142857142857,0.24160246203219013,1.0,1.9133,1.9133,4,-1,5.6444457586708126,nan,11225.865722581131,0.867884623566262,406,0.5561309080139558,0.0,0.5,0.37503960661262686,0.25,0.3064840920546603,0.997020238090377,0.23888738210501184,0.7588200736483399,0.5778796950327062
1038,54,0.2857142857142857,0.2504248267686093,1.0,1.9266,1.9266,4,-1,6.286441819655745,nan,8419.399291935848,0.9070938803657737,414,0.5649716088968149,0.0,0.5,0.10220802685725133,0.25,0.20465887820355444,0.8896701961112151,0.20095363200878053,1.1705023996611643,0.17032587147465406
1057,55,0.1428571428571429,0.22891128998631602,1.0,1.9398999999999997,1.9398999999999997,4,-1,6.0636615346802465,nan,6314.5494689518855,0.8755554016996234,422,0.5561309080139558,0.0,0.25,0.12795589764627413,0.375,0.36115855918470885,0.838974903269394,0.4816035302030421,0.38811684073831443,0.9673962157969105
1076,56,0.0,0.18312903198905284,1.0,1.9531999999999998,1.9531999999999998,4,-1,6.6098321055350056,nan,4735.912101713914,0.8262326546618117,430,0.5561309080139558,0.0,0.5,0.26316993853357706,0.25,0.27437807412947157,0.9976632902614642,0.6712321790875956,1.1050736962683587,0.318398379633729
1095,57,0.1428571428571429,0.17507465416267085,1.0,1.9665,1.9665,4,-1,5.729239922619738,nan,3551.9340762854354,0.747789627338455,438,0.5517579370224237,0.0,0.25,0.039035966269840176,0.25,0.09629338875725951,0.6393485599644022,0.0856531246160992,0.9258917284283174,0.11502190720993008
1114,58,0.1428571428571429,0.16863115190156527,1.0,1.9798,1.9798,4,-1,5.90211737377433,nan,7678.971590259527,0.5689436550623115,446,0.5463564817190925,0.0,0.25,0.10579733734981962,0.375,0.21029199632735301,0.002966833090256693,0.23338696506608003,0.429158493110937,0.8219783917066745
1133,59,0.2857142857142857,0.19204777866410935,1.0,1.9930999999999999,1.9930999999999999,4,-1,6.043454635514132,nan,5759.228692694645,0.6095423037716088,454,0.5517579370224237,0.0,0.5,0.46408957339356316,0.375,0.3857050249927298,0.9037909425060925,0.42623719168877316,1.6260477987702622,0.5444398325721093
1152,60,0.1428571428571429,0.18220965150271606,1.0,2.0063999999999997,2.0063999999999997,4,-1,6.338682581347284,nan,4319.421519520984,0.6773236644669847,462,0.5528389073334423,0.0,0.25,0.08634993399892939,0.25,0.17851388720945527,0.9531532184760629,0.9403229315700233,1.5890696021581743,0.3543503881371095
1171,61,0.2857142857142857,0.20291057834502998,1.0,2.0197,2.0197,4,-1,5.945484540203531,nan,3239.5661396407377,0.7249750148995613,470,0.5561309080139558,0.0,0.25,0.21287715878742908,0.125,0.11818646995799267,0.9550220834072295,0.6545181624138504,1.9554308203566064,0.2453759668158363
1190,62,0.1428571428571429,0.19089989124745257,1.0,2.033,2.033,4,-1,5.775285864452768,nan,2429.6746047305533,0.9615316508922047,478,0.5517579370224237,0.0,0.5,0.1366799791048482,0.5,0.6734724664125753,0.9126282725897247,0.06292976980370718,0.4282515989664654,0.6042341242682412
1209,63,0.1428571428571429,0.18129134156939064,1.0,2.0463,2.0463,4,-1,5.767579507444848,nan,1822.255953547915,0.8630717543865916,486,0.5517579370224237,0.0,0.25,0.10826491078865569,0.375,0.284039703842766,0.5785271328700461,0.4026437288714567,1.0926796767718392,0.47751845649316765
1228,64,0.2857142857142857,0.20217593039836965,1.0,2.0595999999999997,2.0595999999999997,4,-1,6.055653066365167,nan,1366.6919651609362,0.7833893075246849,494,0.5463564817190925,0.0,0.5,0.18592475652379958,0.25,0.10194002677171968,0.7321486732065814,0.28400031662232805,0.9815123796462115,0.38223245587311505
1247,65,0.1428571428571429,0.1903121728901243,1.0,2.0728999999999997,2.0728999999999997,4,-1,6.020946439911761,nan,1025.0189738707022,0.8319091666334137,502,0.5463564817190925,0.0,0.5,0.5657503254197875,0.25,0.2073017535036954,0.9988735473873825,0.8747365800231949,0.6598552050438087,0.9202989134346503
1266,66,0.1428571428571429,0.18082116688352803,1.0,2.0862,2.0862,4,-1,6.6168462332790074,nan,8828.817211119755,0.6449039473063939,510,0.5474406546895569,0.0,0.25,0.12716815851129573,0.25,0.3134726425398168,0.005450388212209667,0.13338556218599185,1.311607785904207,0.32005647851966024
1285,67,0.4285714285714286,0.23037121922110815,1.0,2.0995,2.0995,4,-1,5.729996405729122,nan,6621.6129083398155,0.7089537441925341,512,0.5495992958559903,0.0,0.5,0.6191425686838583,0.25,0.15286932261210745,0.972256794109398,0.5882674647586795,1.3719626542801608,0.5430840035719999
1304,68,0.1428571428571429,0.2128684039483151,1.0,2.1128,2.1128,4,-1,6.411758940871861,nan,4966.209681254862,0.7051523279335765,512,0.5447044174798008,0.0,0.25,0.11337914109916417,0.25,0.21207252402655094,0.8932359414975177,0.34911665465931463,1.0334807327015316,0.3124270403587112
1323,69,0.1428571428571429,0.19886615173008068,1.0,2.1261,2.1261,4,-1,6.130361358576644,nan,3724.657260941146,0.6553692232953412,512,0.5447044174798008,0.0,0.5,0.26986200938686017,0.25,0.18401484994247877,0.9523253989891072,0.42102873699593873,0.618532593393172,0.5339798939938627
1342,70,0.1428571428571429,0.18766434995549314,1.0,2.1394,2.1394,4,-1,6.125268553729977,nan,2793.4929457058597,0.6463900919692921,512,0.5463564817190925,0.0,0.25,0.3780332231954474,0.375,0.3567427574461547,0.8769508212711131,0.5576498205435597,1.6969734097577422,0.5530891452447773
1361,71,0.1428571428571429,0.1787029085358231,1.0,2.1527,2.1527,4,-1,6.050442746520258,nan,2095.1197092793946,0.5923882182155967,512,0.5517579370224237,0.0,0.25,0.23024406541755596,0.25,0.14407210442478596,0.18009119974559373,0.20875373965182872,1.226925485480409,0.5808395136406952
1380,72,0.1428571428571429,0.17153375540008706,1.0,2.166,2.166,4,-1,6.126085982083634,nan,11441.663421814012,0.4442911636616975,512,0.5495992958559903,0.0,0.5,0.6696541128039468,0.125,0.09418293868083867,0.0164856617383915,0.42534411330226346,1.3759368434262882,0.6641714122250404
1399,73,0.2857142857142857,0.19436986146292679,1.0,2.1793,2.1793,4,-1,6.321669815473053,nan,12778.127492787542,0.4257987381431654,512,0.5561309080139558,0.0,0.5,0.09822527986989113,0.375,0.3647459533727012,0.9479390034267795,0.279988626167616,2.0161182634695565,0.0699906298108684
1418,74,0.1428571428571429,0.18406731774177001,1.0,2.1925999999999997,2.1925999999999997,4,-1,6.4600756415284994,nan,25284.342022465386,0.31934905360737403,512,0.5528389073334423,0.0,0.5,0.365834715182623,0.375,0.6246024165962778,0.35850496539311527,0.06543872972994641,0.533134702241767,0.8680565198478349
1437,75,0.1428571428571429,0.1758252827648446,1.0,2.2058999999999997,2.2058999999999997,4,-1,6.291248909333489,nan,18963.25651684904,0.4945529516097675,512,0.552298422177933,0.0,0.5,0.6575970454602108,0.125,0.12926279595129908,0.9949793997797397,1.0296430922291795,0.5077300204565677,1.2038087003539166
1456,76,0.1428571428571429,0.16923165478330426,1.0,2.2192,2.2192,4,-1,6.588050815504349,nan,14222.44238763678,0.6143080968928984,512,0.552298422177933,0.0,0.5,0.5207716028073539,0.125,0.09877115406972378,0.9935746240694265,0.7420030559363292,0.6439034099508147,0.9856990688840557
1475,77,0.4285714285714286,0.22109960954092917,1.0,2.2325,2.2325,4,-1,5.611785134979867,nan,10666.831790727585,0.7131607439185814,512,0.5544849076736991,0.0,0.5,0.4975187588917147,0.25,0.2665342323854267,0.9971466037699951,0.6694902496235791,1.5552700109398025,0.5688771355242859
1494,78,0.1428571428571429,0.20545111620417192,1.0,2.2458,2.2458,4,-1,5.901056574358823,nan,11739.59165218541,0.5348705579389361,512,0.5495992958559903,0.0,0.25,0.07296367098763973,0.375,0.3517075614671642,0.002198687720005643,0.22023233684627452,0.6018477397029982,0.6342984923313738
1513,79,0.1428571428571429,0.19293232153476614,1.0,2.2591,2.2591,4,-1,6.090981744241383,nan,8804.693739139058,0.6251192228036677,512,0.5495992958559903,0.0,0.5,0.5733554976948562,0.25,0.29001675342230576,0.9910722260057829,0.6527111985461636,1.175961834484554,0.5680772180400219
1532,80,0.2857142857142857,0.21148871437067004,1.0,2.2724,2.2724,4,-1,5.965300953021254,nan,6603.520304354293,0.7224326620226333,512,0.5544849076736991,0.0,0.5,0.5332627633704834,0.125,0.15010241088064755,0.9953195877644371,0.939674875938404,1.6500582139361692,0.4456596369796389
1551,81,0.1428571428571429,0.19776240006796464,1.0,2.2857,2.2857,4,-1,5.9580328479649936,nan,5611.154120627871,0.5745909438983994,512,0.5468985682043246,0.0,0.25,0.06368101526164882,0.375,0.4848636093726626,0.19750148241458043,0.17025454173322535,0.5075135025927046,0.3169467106372357
1570,82,0.2857142857142857,0.21535277719722887,1.0,2.299,2.299,4,-1,5.534760734914477,nan,4208.365590470903,0.6468899058571368,512,0.552298422177933,0.0,0.5,0.43721597417644914,0.375,0.2778526568473242,0.7739093583436001,0.27178735179074526,1.2561907387189906,0.5906229219365282
1589,83,0.2857142857142857,0.22942507890064023,1.0,2.3122999999999996,2.3122999999999996,4,-1,5.9873789792244345,nan,3156.2741928531773,0.6547648153018077,512,0.552298422177933,0.0,0.25,0.09124465844884208,0.125,0.12326694440718736,0.9295706872377567,0.5200428963048902,1.0767250464959612,0.3010708378136569
1608,84,0.0,0.1835400631205122,1.0,2.3255999999999997,2.3255999999999997,4,-1,6.244713092451236,nan,11591.298353049315,0.4910736114763558,512,0.552298422177933,0.0,0.25,0.21214408858572967,0.125,0.053046006725532655,0.025145101506381273,0.32798171026752043,1.111746693003784,0.4330501581520661
1627,85,0.1428571428571429,0.17540347906783835,1.0,2.3388999999999998,2.3388999999999998,4,-1,6.11754051701388,nan,8693.473764786986,0.4972455741425714,512,0.5468985682043246,0.0,0.25,0.17336699782389764,0.25,0.2455637840906409,0.5616470220439362,0.26263500683168234,0.5975324494823335,0.7354625873197077
1646,86,0.1428571428571429,0.16889421182569928,1.0,2.3522,2.3522,4,-1,5.744283681453317,nan,6520.10532359024,0.5982414702335564,512,0.5468985682043246,0.0,0.5,0.739791115845706,0.25,0.20153330893923982,0.9974976854146925,0.9046984086854815,0.9384337773320022,0.8457037989376378
1665,87,0.2857142857142857,0.19225822660341657,1.0,2.3655,2.3655,4,-1,5.834867794746079,nan,4890.07899269268,0.630818041244795,512,0.5461663185131775,0.0,0.25,0.22467112934384284,0.125,0.14251974361196246,0.675768880178983,0.5038437295370386,1.4411800281353875,0.7065008391767575
1684,88,0.1428571428571429,0.18237800985416186,1.0,2.3788,2.3788,4,-1,6.236309775582144,nan,3667.55924451951,0.6235898222746626,512,0.544140461846002,0.0,0.25,0.17214844298994503,0.25,0.2310045638036897,0.6462577539349766,0.3243545400296595,0.9121836056165662,0.5444074731682748
1703,89,0.0,0.1459024078833295,1.0,2.3921,2.3921,4,-1,6.041843178079527,nan,2750.669433389632,0.5601067186338751,512,0.5416340466178633,0.0,0.25,0.08489944658519397,0.125,0.0902365769294972,0.7901156229578546,0.5486592251484319,0.7843599789729856,0.7202587029606684
1722,90,0.1428571428571429,0.1452933548780922,1.0,2.4053999999999998,2.4053999999999998,4,-1,6.678511989586315,nan,5480.853312135709,0.5048736162069878,512,0.5416340466178633,0.0,0.25,0.22947689254666823,0.375,0.5037102318470782,0.17983248097348392,0.28684336488313383,1.9578840667307356,0.41376121917305164
1741,91,0.1428571428571429,0.14480611247390235,1.0,2.4187,2.4187,4,-1,5.574271336600744,nan,4110.639984101781,0.5613085558632727,512,0.5392867873682843,0.0,0.25,0.24191664611918115,0.25,0.4154288150021782,0.9256189206632478,0.46960298570733494,0.8572128481358439,0.601159211031112
1760,92,0.1428571428571429,0.14441631855055048,1.0,2.432,2.432,4,-1,6.767582251270838,nan,5501.3146048236395,0.5256331637903644,512,0.5454121996734638,0.0,0.25,0.1639806807689651,0.375,0.43973286149895285,0.7333657943654797,0.43386300434268177,1.8549293029638712,0.29903999755181077
1779,93,0.1428571428571429,0.144104483411869,1.0,2.4452999999999996,2.4452999999999996,4,-1,6.469905222239095,nan,7533.255248130692,0.3999380506867206,512,0.5461663185131775,0.0,0.25,0.12098522276021897,0.25,0.4346838362179452,0.0024657656690979524,0.21330963162963415,0.9361172675828793,0.6082121020366457
1798,94,0.0,0.1152835867294952,1.0,2.4585999999999997,2.4585999999999997,4,-1,6.127370615715237,nan,5649.941436098019,0.530174242880857,512,0.5448482440396649,0.0,0.25,0.267395723067126,0.125,0.21370909118843306,0.9967586504896142,1.1846329222781629,1.251108473975336,0.6880987783361361
1817,95,0.1428571428571429,0.12079829795502474,1.0,2.4718999999999998,2.4718999999999998,4,-1,5.743621896430907,nan,4237.456077073514,0.663683357001266,512,0.544140461846002,0.0,0.25,0.21044852523866453,0.25,0.2976794814350009,0.9285225767019689,0.6106941848116095,0.5722169783928572,1.102845255696596
1836,96,0.2857142857142857,0.15378149550687695,1.0,2.4852,2.4852,4,-1,5.921869332165166,nan,4930.707311386013,0.5833338763488108,512,0.5454121996734638,0.0,0.25,0.1575233277439257,0.25,0.36666227685703806,0.44855415428738654,0.33005925047974555,1.6014520215101635,0.3246410466769427
1855,97,0.2857142857142857,0.18016805354835871,1.0,2.4985,2.4985,4,-1,5.577439865670339,nan,3698.03048353951,0.6005726584654378,512,0.5490572093707581,0.0,0.25,0.23669694263283253,0.25,0.08601165341268756,0.8505245735186333,0.29092281753268545,1.382433455408956,0.35194743626531083
1874,98,0.1428571428571429,0.17270587141011556,1.0,2.5118,2.5118,4,-1,5.708052059107972,nan,2773.5228626546323,0.599564094421143,512,0.5544849076736991,0.0,0.25,0.13258847306123056,0.25,0.1296817154338942,0.9222625891053144,0.5822556922971608,1.667806939064512,0.31696288361036135
1893,99,0.1428571428571429,0.16673612569952104,1.0,2.5251,2.5251,4,-1,5.921457447851643,nan,2080.142146990974,0.5661376814205268,512,0.556871660136552,0.0,0.25,0.2579244112472133,0.125,0.16616008503036628,0.5483290945136166,0.442552791631742,1.290936001674016,0.6055275505298532
1912,100,0.1428571428571429,0.1619603291310454,1.0,2.5383999999999998,2.5383999999999998,4,-1,5.69713560700484,nan,1560.1066102432305,0.6552666149763038,512,0.5612992303508296,0.0,0.5,0.3989846738569309,0.25,0.22479446969565375,0.9986974847258719,0.7088537158784399,1.70587726847074,0.28897076181631154
1931,101,0.2857142857142857,0.18671112044769347,1.0,2.5517,2.5517,4,-1,5.485479530705767,nan,1170.079957682423,0.7511920605601567,512,0.5606235695989681,0.0,0.5,0.5464392168212561,0.375,0.3618962995874404,0.9966957711183227,0.9181000017006858,0.9221090945882517,0.7960344249737992
1950,102,0.2857142857142857,0.20651175350101192,1.0,2.565,2.565,4,-1,5.843914857383799,nan,877.5599682618172,0.6989676130767264,512,0.5576140978636518,0.0,0.5,0.22354520017726703,0.125,0.16361253343923987,0.8528444295164401,0.3087794375423801,0.7391176229384191,0.3809952089708253
1969,103,0.0,0.16520940280080953,1.0,2.5783,2.5783,4,-1,6.749957449224779,nan,2319.3311580024174,0.620073032453389,512,0.5591196765335616,0.0,0.5,0.5042419270008958,0.375,0.3863313247137476,0.9030482857211258,0.8534524561884755,1.6204413852093258,0.42089315881827094
1988,104,0.1428571428571429,0.1607389508120762,1.0,2.5915999999999997,2.5915999999999997,4,-1,5.979307828855543,nan,6155.667960563995,0.4650547743400417,512,0.556871660136552,0.0,0.5,0.323074123614589,0.25,0.38305228929124124,0.30836800809105835,0.23276303289257916,0.7563248444587103,0.6441465355553556
2007,105,0.2857142857142857,0.1857340177925181,1.0,2.6048999999999998,2.6048999999999998,4,-1,5.7710656991986715,nan,4616.750970422996,0.6051822912506523,512,0.556871660136552,0.0,0.5,0.9994309737408444,0.25,0.3317137991353474,0.9993307157345712,0.7646466801101386,1.1964352069464625,0.9305961319828931
2026,106,0.0,0.1485872142340145,1.0,2.6182,2.6182,4,-1,6.005811351714943,nan,3888.7205483241146,0.48358991579958227,512,0.5448482440396649,0.0,0.5,0.119015554390696,0.25,0.4286556239142757,0.8580364103253204,0.7038310102630396,0.45576996040979645,0.39321335211267827
2045,107,0.2857142857142857,0.17601262853006874,1.0,2.6315,2.6315,4,-1,6.033767760065954,nan,2916.540411243086,0.5517526989835158,512,0.5461663185131775,0.0,0.25,0.220906755349352,0.375,0.5130003769970644,0.6859533341220093,0.44751504939847525,1.7580229341979896,0.5171466987122169
2064,108,0.2857142857142857,0.19795295996691215,1.0,2.6448,2.6448,4,-1,5.32244705973391,nan,2187.4053084323145,0.6666633768780451,512,0.5454121996734638,0.0,0.5,0.68415489836209,0.25,0.1649005457031922,0.9851043028297852,0.4589416510852655,1.3783251766418634,0.6279297614891083
2083,109,0.1428571428571429,0.18693379654495831,1.0,2.6581,2.6581,4,-1,5.718006985235706,nan,1640.5539813242358,0.6289760825839127,512,0.5461663185131775,0.0,0.25,0.1749291953866446,0.25,0.24213846906153758,0.9240914193681815,0.37879579090096444,1.144202444250845,0.2697916334481078
2102,110,0.1428571428571429,0.17811846580739524,1.0,2.6713999999999998,2.6713999999999998,4,-1,6.199386492551155,nan,1230.4154859931768,0.5830969393965274,512,0.5461663185131775,0.0,0.25,0.22751943958745025,0.25,0.18389776481106365,0.46754252907756866,0.36933834284003325,1.0236943004615635,0.7056649931168779
2121,111,0.1428571428571429,0.17106620121734478,1.0,2.6847,2.6847,4,-1,6.276071188342152,nan,16263.136672008535,0.4373227045473955,512,0.5423418288115263,0.0,0.25,0.21302038938215462,0.125,0.09215106026873521,0.5084415206688586,0.12344593244662912,0.6734698486277153,0.857978090949618
2140,112,0.0,0.13685296097387584,1.0,2.698,2.698,4,-1,5.865310171139258,nan,19119.866923131103,0.32799202841054664,512,0.5286233766565824,0.0,0.5,0.19033723158090882,0.25,0.2093711960161791,0.8034033606380128,0.1065528772514018,0.30411525403297573,0.7173592756805119
2159,113,0.0,0.10948236877910067,1.0,2.7112999999999996,2.7112999999999996,4,-1,6.086522166387396,nan,14339.900192348327,0.3440780103783839,512,0.536858540487009,0.0,0.25,0.292491977792497,0.375,0.275270933153006,0.7902882051738794,0.2510968164604216,1.084999137256128,0.5416210932117985
2178,114,0.0,0.08758589502328054,1.0,2.7245999999999997,2.7245999999999997,4,-1,6.346638133328949,nan,19630.227907180586,0.2580585077837879,512,0.5378975719992586,0.0,0.25,0.1697301332764154,0.125,0.147723796387409,0.20340834131486119,0.12231673752674153,1.0826729936627288,0.48892282025218536
2196,115,0.0,0.07006871601862444,1.0,2.7372,2.7372,3,-1,5.759953509885029,nan,29152.04935944042,0.19354388083784094,512,0.536858540487009,0.0,0.5,0.2361160734466077,0.33333333333333337,0.34373166802222443,0.4486335107238524,0.03880318488466682,0.35078881143284657,0.7761514235523551
2214,116,0.2857142857142857,0.1131978299577567,1.0,2.7497999999999996,2.7497999999999996,3,-1,5.552674011076938,nan,21864.037019580315,0.37504906298922264,512,0.5392867873682843,0.0,0.5,0.3359517794153689,0.33333333333333337,0.3694866769616777,0.989555602190308,0.26149492025928284,1.5196506962622265,0.7046267402413949
2233,117,0.1428571428571429,0.11912969253763395,1.0,2.7630999999999997,2.7630999999999997,4,-1,5.85497728248985,nan,16398.027764685237,0.42969574901466634,512,0.5378975719992586,0.0,0.25,0.2976891618180312,0.20833333333333337,0.166166336205555,0.500896397380009,0.16848752569298103,1.1321087186413057,0.4996802992671283
2252,118,0.1428571428571429,0.12387518260153574,1.0,2.7763999999999998,2.7763999999999998,4,-1,6.241531696068637,nan,12298.520823513929,0.4289115711999376,512,0.536858540487009,0.0,0.25,0.12181208678391041,0.125,0.05056998687481967,0.315040869722644,0.1764223094383642,1.2429989649329936,0.43602678413917095
2271,119,0.1428571428571429,0.12767157465265716,1.0,2.7897,2.7897,4,-1,5.805935795285432,nan,9223.890617635447,0.49665062164800655,512,0.5271486073708154,0.0,0.5,0.5136373683177238,0.25,0.1957784826740825,0.9937681816331898,0.4991691891330955,0.6824114106816461,0.8749181475259962
2290,120,0.2857142857142857,0.15928011686498286,1.0,2.803,2.803,4,-1,5.260957152402127,nan,6917.917963226585,0.5879615054780958,512,0.5350352561881889,0.0,0.25,0.06439702055076928,0.25,0.2078370741185682,0.846481629965069,0.16126690439181807,1.088914580259468,0.2603577695686716
2309,121,0.2857142857142857,0.18456695063484344,1.0,2.8163,2.8163,4,-1,5.597211651177449,nan,5188.438472419939,0.5766829163552417,512,0.5271486073708154,0.0,0.5,0.24017253806442648,0.25,0.1724603486800454,0.8574478105655433,0.2534304010158668,0.7474077092864402,0.39570587059720225
2328,122,0.4285714285714286,0.2333678462221605,1.0,2.8295999999999997,2.8295999999999997,4,-1,5.750925636945055,nan,3891.3288543149542,0.66963447441575,512,0.5378975719992586,0.0,0.5,0.3464033222600935,0.5,0.6220162037777136,0.9986598595743272,0.6605508686307062,2.2288904072244677,0.22010063360706236
2347,123,0.2857142857142857,0.24383713412058555,1.0,2.8428999999999998,2.8428999999999998,4,-1,5.30672455687275,nan,2918.496640736216,0.7649706367270688,512,0.542341828811526,0.0,0.5,0.386227949610219,0.375,0.42698463780683993,0.8504390957999471,0.3675846399706627,1.1723334081917205,0.5077673335606226
2366,124,0.2857142857142857,0.2522125644393256,1.0,2.8562,2.8562,4,-1,5.71910442596103,nan,2188.872480552162,0.9228379559360305,512,0.538738161153181,0.0,0.5,0.36031261374412105,0.25,0.2924359321284017,0.4845614531101998,0.14728408970745605,0.46896736141110407,0.8569707890235948
2385,125,0.1428571428571429,0.23034148012288908,1.0,2.8694999999999995,2.8694999999999995,4,-1,6.324079183715399,nan,6925.2804874337935,0.6921284669520229,512,0.5334104142476962,0.0,0.25,0.16121632065891472,0.25,0.1342581608726718,0.07449028768686927,0.25976327081783807,0.7134823288077222,0.6099865025447478
2404,126,0.1428571428571429,0.21284461266973986,1.0,2.8827999999999996,2.8827999999999996,4,-1,5.643967376115388,nan,5578.10042136795,0.5989309602980722,512,0.5350352561881889,0.0,0.5,0.23021327601782007,0.25,0.12101434384461963,0.5374631538779672,0.29816451821710754,1.0636522836321671,0.3633071431291869
2423,127,0.2857142857142857,0.22741854727864905,1.0,2.8960999999999997,2.8960999999999997,4,-1,5.205976711535512,nan,4183.575316025963,0.6939183188572973,512,0.5271486073708154,0.0,0.5,0.5696197592188976,0.25,0.16822392970812539,0.9494421413145309,0.4068507972623166,0.9563242015562727,0.7645636892172548
2442,128,0.2857142857142857,0.23907769496577638,1.0,2.9093999999999998,2.9093999999999998,4,-1,5.132877406702202,nan,3137.681487019472,0.7407092423099643,512,0.5192834645507309,0.0,0.5,0.507868870123376,0.125,0.10626137983011819,0.9153544341101327,0.42540788831779824,1.2785049001021076,0.5694457449537644
2461,129,0.2857142857142857,0.24840501311547825,1.0,2.9227,2.9227,4,-1,5.521459576238452,nan,2353.261115264604,0.8365896168633706,512,0.5179802739169785,0.0,0.5,0.35991906932153794,0.25,0.08045625622026735,0.9932824220987181,0.263976469551877,1.089027100849262,0.4450086725672365
2480,130,0.2857142857142857,0.25586686763523975,1.0,2.936,2.936,4,-1,5.4830180240115745,nan,2346.1540158513426,0.7511280878800033,512,0.5208868004939343,0.0,0.5,0.04638672390404116,0.25,0.1668488828847252,0.9501771711891753,0.23414680524437273,1.321092892753629,0.06080717374289628
2499,131,0.2857142857142857,0.261836351251049,1.0,2.9493,2.9493,4,-1,5.858506275879519,nan,1759.615511888507,0.7340519260151618,512,0.5271486073708154,0.0,0.25,0.032351282095756356,0.375,0.17253525985525603,0.9479298235388851,0.4897099578368783,1.7303889016143454,0.1420714833828669
2518,132,0.1428571428571429,0.23804050957226777,1.0,2.9625999999999997,2.9625999999999997,4,-1,5.54715103858948,nan,3211.4114589278142,0.6246244763349165,512,0.5350352561881889,0.0,0.5,0.15946620374489104,0.375,0.20067488546508033,0.7484633620532546,0.28967351427544635,1.2973372786229422,0.15512064294915498
2537,133,0.1428571428571429,0.2190038362292428,1.0,2.9758999999999998,2.9758999999999998,4,-1,5.607916199572097,nan,2408.5585941958607,0.7841891961673177,512,0.5271486073708154,0.0,0.25,0.20100295015019265,0.375,0.16785314030906,0.9883736573765034,0.27600276718073735,0.8417407026414344,0.45980536301506303
2556,134,0.4285714285714286,0.26091735469767996,1.0,2.9892,2.9892,4,-1,5.88023562635219,nan,1806.4189456468955,0.6732487404445866,512,0.5208868004939343,0.0,0.25,0.06012936129182684,0.25,0.08376832478432054,0.4932296883837459,0.19297200760378042,0.9663078426774603,0.17889863858411081
2575,135,0.1428571428571429,0.23730531232957255,1.0,3.0025,3.0025,4,-1,5.701705134907887,nan,1354.8142092351716,0.7315970671212306,512,0.5179802739169785,0.0,0.25,0.15703623967559022,0.25,0.22233338019180562,0.5938811510011985,0.354422192519186,0.5738954028021913,0.8884003433730325
2594,136,0.4285714285714286,0.2755585355779438,1.0,3.0157999999999996,3.0157999999999996,4,-1,5.918837706448803,nan,1016.1106569263786,0.7939665239995921,512,0.5207367278392088,0.0,0.5,0.3998004578210087,0.25,0.10598004572199027,0.9939076547268721,0.4099349152304997,0.8960439586606674,0.5708276432182516
2613,137,0.1428571428571429,0.24901825703378364,1.0,3.0290999999999997,3.0290999999999997,4,-1,4.963720425361548,nan,762.082992694784,0.8200066140030621,512,0.5207367278392088,0.0,0.5,0.3316220368657399,0.125,0.0797774492854901,0.9402783000592675,0.2737989106328307,0.9684168131428734,0.6010107583122839
2632,138,0.1428571428571429,0.2277860341984555,1.0,3.0423999999999998,3.0423999999999998,4,-1,5.480244006239039,nan,571.562244521088,0.8293272077418992,512,0.5155004587845531,0.0,0.5,0.2070854762640471,0.25,0.11346681975052937,0.8606057358679968,0.2569818872562327,0.6036377653270856,0.5550558005990512
2651,139,0.2857142857142857,0.23937168450162155,1.0,3.0557,3.0557,4,-1,5.852266635803356,nan,428.67168339081604,0.847599816437714,512,0.5152027742043098,0.0,0.25,0.26068516281183984,0.25,0.12111500558131907,0.9459048453232364,0.5765440845454723,0.8547276102597354,0.5462104833386221
2670,140,0.1428571428571429,0.22006877617272583,1.0,3.069,3.069,4,-1,5.8798776595091375,nan,321.50376254311203,0.7997365130644296,512,0.5152027742043098,0.0,0.25,0.20862253303394518,0.125,0.11885333932685258,0.7491884351116946,0.5499612954207407,1.0018499383719057,0.701051514323373
2689,141,0.2857142857142857,0.2331978780810378,1.0,3.0823,3.0823,4,-1,5.740723252515715,nan,1438.9865172619268,0.7121408762467432,512,0.5155004587845531,0.0,0.25,0.17507884871731194,0.25,0.21873335170802927,0.7950667775199891,0.459155954263447,1.3171762675070138,0.34994307419789583
2708,142,0.2857142857142857,0.2437011596076874,1.0,3.0956,3.0956,4,-1,5.17967753491889,nan,1079.2398879464452,0.7797433998256862,512,0.5179802739169785,0.0,0.5,0.49016355701025993,0.25,0.15158234489967784,0.7841285743716429,0.4654629953665277,1.7796454429663637,0.45322263834391807
2727,143,0.1428571428571429,0.2235323562575785,1.0,3.1088999999999998,3.1088999999999998,4,-1,5.187152375301546,nan,809.4299159598338,0.7773734531252948,512,0.5208868004939343,0.0,0.5,0.39287342922684165,0.25,0.04889600015666651,0.9694006344088771,0.7240961075196244,1.6936709572722775,0.4193117280292128
2746,144,0.2857142857142857,0.23596874214891994,1.0,3.1222,3.1222,4,-1,6.0214091674367145,nan,607.0724369698753,0.7406892674165471,512,0.5208868004939343,0.0,0.25,0.05790708273296227,0.375,0.3550198767398002,0.526605132596751,0.23512139995295875,0.6643444004894177,0.5729870858416661
2765,145,0.2857142857142857,0.2459178508619931,1.0,3.1355,3.1355,4,-1,5.4469298159720365,nan,455.3043277274065,0.7809801705511519,512,0.5350352561881889,0.0,0.5,0.6115185780562232,0.25,0.17507826242596897,0.9975602135853806,0.7096726953318685,1.0957613128027388,0.6826080668586417
2784,146,0.2857142857142857,0.25387713783245164,1.0,3.1487999999999996,3.1487999999999996,4,-1,6.211672748755386,nan,341.47824579555487,0.831653759731829,512,0.5271486073708154,0.0,0.5,0.3883404271152785,0.125,0.11706084310037496,0.9950660752282203,0.9500167184347539,0.8189526679034667,0.6388289039375021
2803,147,0.1428571428571429,0.2316731388373899,1.0,3.1620999999999997,3.1620999999999997,4,-1,5.369409416103041,nan,256.10868434666617,0.8228640482217559,512,0.5179802739169785,0.0,0.5,0.353005292552377,0.25,0.1980541505137487,0.9610813105337515,0.5093264695394899,0.43118712553631267,0.9331658040019202
2822,148,0.2857142857142857,0.24248136821276908,1.0,3.1754,3.1754,4,-1,5.372295428797159,nan,192.0815132599996,0.7940236507482256,512,0.5167403663507658,0.0,0.5,0.42547814881947255,0.125,0.12741347523290264,0.8547270929386402,0.5089159507215101,0.7432018172790839,0.6852500522598863
2841,149,0.1428571428571429,0.22255652314164387,1.0,3.1887,3.1887,4,-1,5.561246313936499,nan,144.0611349449997,0.7441925423697872,512,0.5194335372054564,0.0,0.25,0.06167070924798401,0.125,0.03887664863132381,0.6849868398774126,0.5501320504525369,0.8429507825242084,0.7009366649925242
2860,150,0.1428571428571429,0.2066166470847437,1.0,3.202,3.202,4,-1,5.3751492204308535,nan,108.04585120874978,0.7772467160067049,512,0.5194335372054564,0.0,0.5,0.368535311584985,0.25,0.2304332707023519,0.9839941139546512,0.8688953799809599,1.2906995702176336,0.4016934201224722
2879,151,0.1428571428571429,0.19386474623922356,1.0,3.2153,3.2153,4,-1,5.580424971685003,nan,81.03438840656233,0.9419572563666063,512,0.5149050896240666,0.0,0.25,0.09699968240946596,0.375,0.40985440636152004,0.7157926727310892,0.11737110656200332,0.316358820315255,0.7488845667218039
2898,152,0.1428571428571429,0.18366322556280745,1.0,3.2286,3.2286,4,-1,5.58827844615354,nan,60.775791304921746,0.921953846584844,512,0.5133239822931878,0.0,0.5,0.2934971094401099,0.25,0.23130312142709983,0.9762820993555599,0.7452869435042564,0.8721818396496597,0.4773053949108388
2917,153,0.2857142857142857,0.2040734375931031,1.0,3.2418999999999993,3.2418999999999993,4,-1,5.301412651484361,nan,45.58184347869131,0.9386892886584304,512,0.5133239822931878,0.0,0.5,0.4070240229864891,0.125,0.052341047130335425,0.9523390565695922,0.4855100294891545,0.9023978722700305,0.6088914163691413
2936,154,0.1428571428571429,0.19183017864591106,1.0,3.2551999999999994,3.2551999999999994,4,-1,5.539599094391507,nan,34.18638260901848,0.8200912572537447,512,0.511596009183928,0.0,0.25,0.19169959712430942,0.125,0.06912813567670258,0.6541377739747597,0.4029144268690347,0.8042605682876256,0.5800768984809833
2955,155,0.0,0.15346414291672886,1.0,3.2684999999999995,3.2684999999999995,4,-1,5.795954943139946,nan,25.63978695676386,0.7129725107486039,512,0.5102712214881187,0.0,0.25,0.02025183565585117,0.25,0.12324978674561665,0.9716236678135478,0.46303593689468614,0.926249050192039,0.09028576509729735
2974,156,0.1428571428571429,0.15134274290481167,1.0,3.2817999999999996,3.2817999999999996,4,-1,5.699744818655569,nan,19.229840217572896,0.7647413939170844,512,0.511596009183928,0.0,0.25,0.06552692554636341,0.375,0.3119696838896194,0.9254445772255286,0.5708456461065203,1.6429880162142814,0.3758197076200869
2993,157,0.1428571428571429,0.14964562289527794,1.0,3.2950999999999997,3.2950999999999997,4,-1,5.20907163530176,nan,14.422380163179671,0.8009510885771903,512,0.5136667634212673,0.0,0.25,0.09067004004043203,0.25,0.38515281387449907,0.9408385554590765,0.4613839202160508,0.7183966554634889,0.6153632764186004
3012,158,0.1428571428571429,0.14828792688765094,1.0,3.3084,3.3084,4,-1,5.989721296425654,nan,10.816785122384754,0.8332527691936603,512,0.5102712214881187,0.0,0.25,0.18229100330683815,0.125,0.10578603336641677,0.9942290936257374,1.1473317983764468,0.9705448595076013,0.6475461844562203
3031,159,0.1428571428571429,0.14720177008154933,1.0,3.3217,3.3217,4,-1,5.459973863700441,nan,8.112588841788565,0.7733507821669993,512,0.5076891814456705,0.0,0.25,0.1584595631776357,0.25,0.22577095547451842,0.33014659319190465,0.23021451056857367,0.35795246763975747,0.8216402863348089
3050,160,0.2857142857142857,0.17490427320809662,1.0,3.335,3.335,4,-1,4.873732476215438,nan,6.084441631341424,0.7637911250494582,512,0.5102712214881187,0.0,0.5,0.2228520749682094,0.375,0.25922430550636094,0.8923884674026384,0.24316846794018934,1.0504250038822438,0.2538450026262962
3069,161,0.4285714285714286,0.22563770428076302,1.0,3.3483,3.3483,4,-1,5.339055229505301,nan,4.563331223506068,0.9506643143160003,512,0.5081354583319406,0.0,0.25,0.13537471520758418,0.25,0.06928392402917853,0.4893566867276984,0.10123929383409029,1.157836098470025,0.41909873962280525
3088,162,0.2857142857142857,0.23765302056746757,1.0,3.3616,3.3616,4,-1,6.390099029326738,nan,3.4224984176295505,0.9319383864491362,512,0.5102712214881187,0.0,0.25,0.13472790870037665,0.25,0.13311443514572802,0.9883095302470885,0.9385137547187278,1.3724703098761408,0.2784611472463802
3107,163,0.2857142857142857,0.2472652735968312,1.0,3.3749000000000002,3.3749000000000002,4,-1,5.392502477542737,nan,2.5668738132221627,0.8923982852399188,512,0.508957160079395,0.0,0.25,0.17333939287376965,0.25,0.21354603361310343,0.8852556365217747,0.3739101387889946,1.0055886530209004,0.6134287863944078
3126,164,0.1428571428571429,0.22638364744889355,1.0,3.3881999999999994,3.3881999999999994,4,-1,5.396728058830333,nan,1.925155359916622,0.797952072178646,512,0.5067319544736358,0.0,0.25,0.06386181985731237,0.25,0.22173414455399904,0.6748618911391815,0.29394076389784146,0.35480149510458836,0.7239036897356923
3145,165,0.1428571428571429,0.20967834653054343,1.0,3.4014999999999995,3.4014999999999995,4,-1,5.742345453005467,nan,1.4438665199374665,0.7898352190749909,512,0.4986519223483988,0.0,0.25,0.13987032404087182,0.125,0.0677622437527695,0.6880044132385437,0.4050738667732457,0.4445227240583607,0.8951302665669245
3164,166,0.2857142857142857,0.2248855343672919,1.0,3.4147999999999996,3.4147999999999996,4,-1,6.366059781470108,nan,1.0828998899531,1.5144385653246797,512,0.48734075312871217,0.0,0.25,0.06988874851219846,0.125,0.09206630778621866,0.6929461168613533,0.06472129945240361,0.26880204029419635,0.9344728872923462
3183,167,0.2857142857142857,0.23705128463669065,1.0,3.4280999999999997,3.4280999999999997,4,-1,5.795551459864988,nan,0.812174917464825,1.386770027643234,512,0.4833257676122692,0.0,0.5,0.4555314231318429,0.25,0.15812371488644938,0.9919609438847931,0.7103673642700383,0.7186573718317915,0.7835004900915687
3202,168,0.1428571428571429,0.21821245628078112,1.0,3.4414,3.4414,4,-1,5.974458129949015,nan,5363.485946987762,1.0400775207324255,512,0.48157286379868136,0.0,0.25,0.1943124647947267,0.25,0.13283153467865455,0.004961550768181722,0.37201642586717276,0.427092308927577,0.726054317938599
3221,169,0.2857142857142857,0.23171282216748204,1.0,3.4547,3.4547,4,-1,6.429774824994391,nan,4022.6144602408212,0.9823252060401328,512,0.4819165563457593,0.0,0.5,0.31451731541544503,0.25,0.15949368238916722,0.964313768508272,0.4951965148448085,1.0293061513263384,0.4803056081915738
3240,170,0.1428571428571429,0.2139416863054142,1.0,3.468,3.468,4,-1,5.858762256285265,nan,3016.960845180616,0.937915073742288,512,0.480295821598388,0.0,0.5,0.22616106057157132,0.25,0.09774691206096386,0.9780931156296941,0.6237615888986132,0.7000710937382095,0.45046946059157755
3259,171,0.2857142857142857,0.22829620618718852,1.0,3.4813,3.4813,4,-1,5.475251912731809,nan,2262.720633885462,0.8873893692892774,512,0.480295821598388,0.0,0.5,0.3512206675978419,0.125,0.09978494554890141,0.6382060970748417,0.32398515078346923,0.9404935638459119,0.6122927163671043
3278,172,0.2857142857142857,0.23977982209260795,1.0,3.4946,3.4946,4,-1,5.704583626237927,nan,1697.0404754140966,0.9076919944621171,512,0.4760983698131502,0.0,0.5,0.2851807356463556,0.25,0.1039847292841174,0.9924678735460601,0.8104144109256785,0.6728363547400371,0.6427711511028367
3297,173,0.2857142857142857,0.24896671481694352,1.0,3.5079000000000002,3.5079000000000002,4,-1,5.319450328667051,nan,1272.7803565605725,0.8394192268864135,512,0.4760983698131502,0.0,0.25,0.028276064265147945,0.375,0.19873253223099221,0.9210368983616477,0.5957490951081684,1.1777589352562126,0.2095471315128672
3316,174,0.1428571428571429,0.2277448004249834,1.0,3.5211999999999994,3.5211999999999994,4,-1,5.978865800753136,nan,954.5852674204293,0.7983256049762552,512,0.4778370390200966,0.0,0.25,0.1655779499161753,0.25,0.11546871289250335,0.9212785355384147,0.7459392845583822,1.2001940514680285,0.49093387494949536
3335,175,0.4285714285714286,0.26791012605427245,1.0,3.5344999999999995,3.5344999999999995,4,-1,5.203416808543401,nan,715.938950565322,0.829835528227038,512,0.4778370390200966,0.0,0.5,0.3623196529238427,0.25,0.09066575104912289,0.8305908553848157,0.2725159040527037,1.067929491676576,0.4541600020712024
3354,176,0.0,0.21432810084341797,1.0,3.5477999999999996,3.5477999999999996,4,-1,5.5149259827039065,nan,536.9542129239915,0.7203759309300098,512,0.4714614644674787,0.0,0.25,0.09574341649638463,0.25,0.09033141895504881,0.827451735509371,0.43484412821989454,0.840344959312535,0.32697921494991516
3373,177,0.1428571428571429,0.20003390924616296,1.0,3.5610999999999997,3.5610999999999997,4,-1,5.014980674978895,nan,402.7156596929936,0.7599322800185426,512,0.47123357826705814,0.0,0.25,0.19684574961451956,0.125,0.0833899640191208,0.9857046222408512,0.8763841110938465,0.861767094437895,0.6221396073318354
3392,178,0.1428571428571429,0.18859855596835895,1.0,3.5744,3.5744,4,-1,5.593480511325202,nan,302.0367447697452,0.7268447795318472,512,0.47123357826705814,0.0,0.25,0.22911496839279494,0.25,0.220856044772454,0.6213708110175522,0.3131994771039961,1.5547144113656057,0.3919200536784369
3411,179,0.1428571428571429,0.17945027334611574,1.0,3.5877,3.5877,4,-1,5.8407313526480635,nan,226.52755857730892,0.7723549589423141,512,0.4714614644674787,0.0,0.5,0.4492423829166221,0.25,0.14746724422488444,0.9880254200202664,0.8638289241920654,1.0543490701488707,0.542269316446745
3430,180,0.2857142857142857,0.20070307581974972,1.0,3.601,3.601,4,-1,5.070382095863234,nan,169.8956689329817,0.8224565120819924,512,0.4760983698131502,0.0,0.5,0.21995388663070237,0.25,0.10611537087609388,0.9989335466203088,1.043725999007148,1.0446027688671404,0.3909898837909435
3449,181,0.1428571428571429,0.18913388922722837,1.0,3.6143,3.6143,4,-1,5.311524935817924,nan,127.42175169973626,0.849098516163646,512,0.4778370390200966,0.0,0.5,0.49421945390253186,0.25,0.19156367448980016,0.9930291013870134,1.00088670126632,1.5963828786692438,0.5322715229696163
3468,182,0.2857142857142857,0.20844996852463984,1.0,3.6276,3.6276,4,-1,5.138853891706539,nan,95.5663137748022,0.8664159851706642,512,0.480295821598388,0.0,0.5,0.41980642549396796,0.125,0.05556637164466425,0.9897666236615906,0.662794940050539,1.4818802788795469,0.41360292696554146
3487,183,0.1428571428571429,0.19533140339114047,1.0,3.6409000000000002,3.6409000000000002,4,-1,5.794314462332795,nan,71.67473533110164,0.8113279037356869,512,0.480295821598388,0.0,0.5,0.3023926060575266,0.25,0.16004084642513894,0.9829346704391481,0.63527025720942,1.096754943448595,0.4029059437367474
3506,184,0.1428571428571429,0.18483655128434096,1.0,3.6541999999999994,3.6541999999999994,4,-1,5.3851527709309055,nan,53.75605149832623,0.8410685640204435,512,0.480295821598388,0.0,0.25,0.12118486123288874,0.125,0.10103689045769668,0.9479428418647274,0.7530238314356938,0.8950153963024396,0.6476506935333602
3525,185,0.0,0.14786924102747276,1.0,3.6674999999999995,3.6674999999999995,4,-1,5.617394919174515,nan,3275.303143124191,0.6308014230153326,512,0.4770164442056824,0.0,0.5,0.2966755658186586,0.25,0.20562234279019737,0.31183978257024214,0.24711658690830576,0.5014810133915044,0.7648085821535264
3544,186,0.1428571428571429,0.1468668213934068,1.0,3.6807999999999996,3.6807999999999996,4,-1,5.625544447661793,nan,13592.53923130814,0.4731010672614995,512,0.4760983698131502,0.0,0.25,0.2438009431278007,0.125,0.08967251863857481,0.7399140408508649,0.13611066038920364,0.24500035942555243,1.1139606424014667
3563,187,0.2857142857142857,0.17463631425758258,1.0,3.6940999999999997,3.6940999999999997,4,-1,4.822672547601865,nan,10194.404423481104,0.594599975912815,512,0.47391406372846556,0.0,0.25,0.21802500523562884,0.375,0.29652431074799307,0.9416273326055595,0.4178693622247283,0.9560029785428192,0.5449071040493463
3582,188,0.1428571428571429,0.16828047997749465,1.0,3.7074,3.7074,4,-1,5.832765087354029,nan,10989.244786992453,0.4459499819346112,512,0.471798926196769,0.0,0.5,0.19335943026649416,0.375,0.23970102463146548,0.10083374418656887,0.15935417857915232,0.5104628648704478,0.5583416471206688
3601,189,0.1428571428571429,0.1631958125534243,1.0,3.7207,3.7207,4,-1,5.76993591576456,nan,8241.93359024434,0.5903432891357764,512,0.4714614644674787,0.0,0.25,0.3963714349439513,0.25,0.18267303994189066,0.9941694474034846,0.8532929986923005,0.2885810638495407,1.3222104808123087
3620,190,0.2857142857142857,0.18769950718559658,1.0,3.734,3.734,4,-1,5.672013484482135,nan,6181.4501926832545,0.6851982962660238,512,0.47194072788191344,0.0,0.5,0.5487354761046794,0.25,0.2491457894470615,0.9998665858221972,1.1521529926752554,1.1390762967127905,0.6841859811922896
3639,191,0.1428571428571429,0.17873103431990586,1.0,3.7473,3.7473,4,-1,5.134159503124919,nan,4636.087644512441,0.5894592073151482,512,0.4714614644674787,0.0,0.25,0.09430070608582466,0.25,0.2184295275624604,0.44951298389940564,0.22651978189471333,0.7291942996510463,0.42631435824577607
3658,192,0.1428571428571429,0.17155625602735328,1.0,3.7606,3.7606,4,-1,5.3798083974583815,nan,3477.065733384331,0.5941322881287534,512,0.4714614644674787,0.0,0.5,0.3255608899652097,0.375,0.2540428578862714,0.9441245297085901,0.45100246379986686,1.415642324564646,0.37164073975490647
3677,193,0.0,0.13724500482188262,1.0,3.7739000000000003,3.7739000000000003,4,-1,5.25473246818223,nan,5290.094889948336,0.5014758491030745,512,0.47194072788191344,0.0,0.25,0.059224312400864475,0.125,0.10393885271594708,0.45128775167987356,0.22463004744352663,1.2027077373732873,0.19162803331538752
3696,194,0.2857142857142857,0.16693886100036323,1.0,3.7872000000000003,3.7872000000000003,4,-1,4.922092121288837,nan,3967.5711674612517,0.6475045765416746,512,0.47391406372846556,0.0,0.5,0.7978139620548261,0.25,0.29461898073776516,0.9546435996368354,0.42773086454944104,1.407715828248489,0.7327261823857365
3715,195,0.2857142857142857,0.19069394594314773,1.0,3.8004999999999995,3.8004999999999995,4,-1,5.349330723382445,nan,2975.6783755959386,0.7293252269613688,512,0.4804676678719271,0.0,0.25,0.4305052801253687,0.125,0.156156669298949,0.9832815509327854,0.9714608103866269,1.3418412608948136,0.5788709344269195
3734,196,0.2857142857142857,0.20969801389737533,1.0,3.8137999999999996,3.8137999999999996,4,-1,5.653783946790438,nan,4419.107293009762,0.6064972535250852,512,0.482230697017482,0.0,0.25,0.19180133575773547,0.125,0.11626038355725682,0.24552337012438052,0.22219338311939396,1.359394939498591,0.2557749776989894
3753,197,0.0,0.16775841111790027,1.0,3.8270999999999997,3.8270999999999997,4,-1,5.72789119079748,nan,7045.543777004412,0.4548729401438139,512,0.4804676678719271,0.0,0.5,0.27415460642327083,0.25,0.14699567818943765,0.5450391566255303,0.3394440523673313,1.0516135329783958,0.3622087529005371
3772,198,0.2857142857142857,0.19134958603717736,1.0,3.8404,3.8404,4,-1,5.452147196020668,nan,5284.157832753309,0.5856181147900238,512,0.482230697017482,0.0,0.5,0.47730079794247104,0.125,0.1606266708699407,0.8842860342958075,0.5179210565203787,1.284148827146447,0.5624452925125836
3791,199,0.4285714285714286,0.23879395454402763,1.0,3.8537,3.8537,4,-1,4.996364404610712,nan,3963.1183745649814,0.6678056060877526,512,0.486620878869362,0.0,0.25,0.10697359453731027,0.375,0.27129765733329236,0.9904106774493362,0.32755049015035115,1.8466107273901882,0.13921687310522451
3810,200,0.1428571428571429,0.21960659220665069,1.0,3.867,3.867,4,-1,5.14370504317371,nan,2972.338780923736,0.5324928620634671,512,0.4783711638790884,0.0,0.25,0.03539125044299831,0.5,0.7099207836658992,0.42867469053647,0.29631986555454687,0.28828012555483307,0.427376036670914
3829,201,0.1428571428571429,0.20425670233674914,1.0,3.8803,3.8803,4,-1,5.217046489423279,nan,2229.254085692802,0.6183636234385196,512,0.48337328637301524,0.0,0.25,0.39040555990030834,0.375,0.5973723106732768,0.9738668676084328,0.8966346338217251,1.8807776851448315,0.5805617309814931
3848,202,0.1428571428571429,0.1919767904408279,1.0,3.8935999999999993,3.8935999999999993,4,-1,5.484074396102736,nan,1671.9405642696015,0.7206598999188043,512,0.4890400226818983,0.0,0.25,0.34471415301050456,0.25,0.2074043605531269,0.9868237306636622,0.48666336603786836,1.2894695431375403,0.4703067688936652
3867,203,0.0,0.15358143235266233,1.0,3.9068999999999994,3.9068999999999994,4,-1,5.758833047908319,nan,2052.7893944050916,0.6038795819627787,512,0.4890400226818983,0.0,0.25,0.22224868860134453,0.25,0.16963612317430637,0.2297529946812188,0.5041926998610585,0.8389873182149028,0.6953850417846933
3886,204,0.1428571428571429,0.15143657445355846,1.0,3.9201999999999995,3.9201999999999995,4,-1,5.3899275386499275,nan,1539.5920458038186,0.6898788968936531,512,0.4890400226818983,0.0,0.5,0.6117492501083994,0.125,0.08184236692130392,0.9980147012362308,0.9092325198577028,0.6922709822465205,0.9490090365490891
3905,205,0.1428571428571429,0.14972068813427536,1.0,3.9334999999999996,3.9334999999999996,4,-1,5.815456215714603,nan,1154.694034352864,0.7334855121666874,512,0.4890400226818983,0.0,0.5,0.31039602652928355,0.125,0.1426622345729094,0.9679223744208194,0.5672337293086136,0.5383707963237108,0.7576909754521598
3924,206,0.0,0.1197765505074203,1.0,3.9467999999999996,3.9467999999999996,4,-1,4.943016353612742,nan,866.020525764648,0.693679857975122,512,0.4906685071679784,0.0,0.25,0.03893841718529761,0.125,0.10692893867490852,0.8185279297656995,0.5535652030670656,0.815281888139576,0.7217565380569925
3943,207,0.2857142857142857,0.1529640975487934,1.0,3.9600999999999997,3.9600999999999997,4,-1,5.415682831266779,nan,649.515394323486,0.6425944443593652,512,0.4906685071679784,0.0,0.25,0.16313345593729373,0.125,0.11583626135996766,0.725263360176782,0.2987271325414254,1.053854517009839,0.48196847136258403
3962,208,0.1428571428571429,0.1509427066104633,1.0,3.9734,3.9734,4,-1,5.608232474026878,nan,487.13654574261454,0.6625520045985687,512,0.5072429045594005,0.0,0.25,0.36454950210102227,0.25,0.10685482383058932,0.2823928343473804,0.21123877639560165,1.2123736625874848,0.537223480647646
3981,209,0.1428571428571429,0.1493255938597992,1.0,3.9867,3.9867,4,-1,5.147093665683957,nan,365.3524093069609,0.5646406271320491,512,0.5069874295165182,0.0,0.25,0.1599388554097565,0.25,0.24268349795880623,0.18543828281593389,0.23280420128910326,0.5774123054521725,0.5839922209187206
4000,210,0.0,0.11946047508783937,1.0,4.0,4.0,4,-1,5.71606854175711,nan,7683.221527867042,0.4234804703490368,512,0.503257290115309,0.0,0.5,0.22097463553951324,0.375,0.13752703061984053,0.6079009981452721,0.12372649743982417,0.21283152988171405,1.1132388145172436
